<svg width="11" height="20" viewBox="0 0 11 20" fill="none" xmlns="http://www.w3.org/2000/svg">
<path d="M6.72852 0.505859V3.42578H5.22461V0.505859H6.72852ZM6.54297 16.4531V19.0703H5.04883V16.4531H6.54297ZM8.01758 13.2988C8.01758 12.9212 7.93945 12.5924 7.7832 12.3125C7.63346 12.026 7.38607 11.7689 7.04102 11.541C6.69596 11.3066 6.23372 11.0885 5.6543 10.8867C4.82096 10.5938 4.0918 10.265 3.4668 9.90039C2.84831 9.5293 2.36654 9.07357 2.02148 8.5332C1.68294 7.98633 1.51367 7.30599 1.51367 6.49219C1.51367 5.69141 1.69596 4.99805 2.06055 4.41211C2.43164 3.82617 2.94596 3.3737 3.60352 3.05469C4.26107 2.73568 5.0293 2.57617 5.9082 2.57617C6.58529 2.57617 7.19401 2.67708 7.73438 2.87891C8.28125 3.08073 8.74674 3.37695 9.13086 3.76758C9.51497 4.1582 9.80794 4.63997 10.0098 5.21289C10.2181 5.7793 10.3223 6.43034 10.3223 7.16602H7.97852C7.97852 6.74935 7.92969 6.37826 7.83203 6.05273C7.74089 5.7207 7.60417 5.44076 7.42188 5.21289C7.23958 4.97852 7.01823 4.79948 6.75781 4.67578C6.50391 4.55208 6.21419 4.49023 5.88867 4.49023C5.42643 4.49023 5.04557 4.57812 4.74609 4.75391C4.44661 4.92318 4.22526 5.15755 4.08203 5.45703C3.94531 5.75651 3.87695 6.09831 3.87695 6.48242C3.87695 6.85352 3.94857 7.17904 4.0918 7.45898C4.23503 7.73893 4.47917 7.99284 4.82422 8.2207C5.17578 8.44206 5.65755 8.66667 6.26953 8.89453C7.10938 9.19401 7.83529 9.5293 8.44727 9.90039C9.06576 10.265 9.54102 10.7174 9.87305 11.2578C10.2116 11.7917 10.3809 12.4655 10.3809 13.2793C10.3809 14.1191 10.1855 14.832 9.79492 15.418C9.41081 16.0039 8.87044 16.4499 8.17383 16.7559C7.48372 17.0553 6.67969 17.2051 5.76172 17.2051C5.18229 17.2051 4.60612 17.1302 4.0332 16.9805C3.4668 16.8242 2.95247 16.5703 2.49023 16.2188C2.02799 15.8672 1.66016 15.4017 1.38672 14.8223C1.11328 14.2363 0.976562 13.5202 0.976562 12.6738H3.33984C3.33984 13.1816 3.4082 13.6048 3.54492 13.9434C3.68164 14.2819 3.86719 14.5488 4.10156 14.7441C4.33594 14.9395 4.59635 15.0794 4.88281 15.1641C5.17578 15.2487 5.46875 15.291 5.76172 15.291C6.25 15.291 6.66016 15.2096 6.99219 15.0469C7.33073 14.8776 7.58464 14.6432 7.75391 14.3438C7.92969 14.0378 8.01758 13.6895 8.01758 13.2988Z" fill="#6667AB"/>
<path d="M6.72852 0.505859V3.42578H5.22461V0.505859H6.72852ZM6.54297 16.4531V19.0703H5.04883V16.4531H6.54297ZM8.01758 13.2988C8.01758 12.9212 7.93945 12.5924 7.7832 12.3125C7.63346 12.026 7.38607 11.7689 7.04102 11.541C6.69596 11.3066 6.23372 11.0885 5.6543 10.8867C4.82096 10.5938 4.0918 10.265 3.4668 9.90039C2.84831 9.5293 2.36654 9.07357 2.02148 8.5332C1.68294 7.98633 1.51367 7.30599 1.51367 6.49219C1.51367 5.69141 1.69596 4.99805 2.06055 4.41211C2.43164 3.82617 2.94596 3.3737 3.60352 3.05469C4.26107 2.73568 5.0293 2.57617 5.9082 2.57617C6.58529 2.57617 7.19401 2.67708 7.73438 2.87891C8.28125 3.08073 8.74674 3.37695 9.13086 3.76758C9.51497 4.1582 9.80794 4.63997 10.0098 5.21289C10.2181 5.7793 10.3223 6.43034 10.3223 7.16602H7.97852C7.97852 6.74935 7.92969 6.37826 7.83203 6.05273C7.74089 5.7207 7.60417 5.44076 7.42188 5.21289C7.23958 4.97852 7.01823 4.79948 6.75781 4.67578C6.50391 4.55208 6.21419 4.49023 5.88867 4.49023C5.42643 4.49023 5.04557 4.57812 4.74609 4.75391C4.44661 4.92318 4.22526 5.15755 4.08203 5.45703C3.94531 5.75651 3.87695 6.09831 3.87695 6.48242C3.87695 6.85352 3.94857 7.17904 4.0918 7.45898C4.23503 7.73893 4.47917 7.99284 4.82422 8.2207C5.17578 8.44206 5.65755 8.66667 6.26953 8.89453C7.10938 9.19401 7.83529 9.5293 8.44727 9.90039C9.06576 10.265 9.54102 10.7174 9.87305 11.2578C10.2116 11.7917 10.3809 12.4655 10.3809 13.2793C10.3809 14.1191 10.1855 14.832 9.79492 15.418C9.41081 16.0039 8.87044 16.4499 8.17383 16.7559C7.48372 17.0553 6.67969 17.2051 5.76172 17.2051C5.18229 17.2051 4.60612 17.1302 4.0332 16.9805C3.4668 16.8242 2.95247 16.5703 2.49023 16.2188C2.02799 15.8672 1.66016 15.4017 1.38672 14.8223C1.11328 14.2363 0.976562 13.5202 0.976562 12.6738H3.33984C3.33984 13.1816 3.4082 13.6048 3.54492 13.9434C3.68164 14.2819 3.86719 14.5488 4.10156 14.7441C4.33594 14.9395 4.59635 15.0794 4.88281 15.1641C5.17578 15.2487 5.46875 15.291 5.76172 15.291C6.25 15.291 6.66016 15.2096 6.99219 15.0469C7.33073 14.8776 7.58464 14.6432 7.75391 14.3438C7.92969 14.0378 8.01758 13.6895 8.01758 13.2988Z" fill="url(#paint0_linear_150_10109)" fill-opacity="0.2"/>
<defs>
<linearGradient id="paint0_linear_150_10109" x1="5.5" y1="2.50331" x2="5.5" y2="19.7152" gradientUnits="userSpaceOnUse">
<stop offset="0.421875" stop-color="#A119E0"/>
<stop offset="0.869792" stop-color="#A119E0" stop-opacity="0.92"/>
</linearGradient>
</defs>
</svg>
